(-1, -5)
[[0 5 0]
 [0 5 5]
 [0 0 5]]
[[1 1 1 1 0 0 0 0 0 0 0 0 0 0 1 1 1 1]
 [1 1 1 1 0 0 0 0 0 0 0 0 0 0 1 1 1 1]
 [1 1 1 1 0 0 0 0 0 0 0 0 0 0 1 1 1 1]
 [1 1 1 1 0 0 0 0 0 0 0 0 0 0 1 1 1 1]
 [1 1 1 1 0 0 0 0 0 0 0 0 0 0 1 1 1 1]
 [1 1 1 1 0 0 0 0 0 0 0 0 0 0 1 1 1 1]
 [1 1 1 1 0 0 0 0 0 0 0 0 0 0 1 1 1 1]
 [1 1 1 1 0 0 0 0 0 0 0 0 0 0 1 1 1 1]
 [1 1 1 1 0 0 0 0 0 0 0 0 0 0 1 1 1 1]
 [1 1 1 1 0 0 0 0 0 0 0 0 0 0 1 1 1 1]
 [1 1 1 1 0 0 0 0 0 0 0 0 0 0 1 1 1 1]
 [1 1 1 1 0 0 0 0 0 0 0 0 0 0 1 1 1 1]
 [1 1 1 1 0 0 0 0 0 4 0 0 0 0 1 1 1 1]
 [1 1 1 1 0 0 0 0 4 4 4 0 0 0 1 1 1 1]
 [1 1 1 1 0 0 0 0 7 0 0 0 0 0 1 1 1 1]
 [1 1 1 1 0 0 0 0 7 7 7 0 0 0 1 1 1 1]
 [1 1 1 1 0 0 0 0 0 0 8 0 0 0 1 1 1 1]
 [1 1 1 1 9 0 0 0 8 8 8 0 0 0 1 1 1 1]
 [1 1 1 1 9 9 0 0 3 3 0 0 0 0 1 1 1 1]
 [1 1 1 1 0 9 0 0 3 3 0 0 0 0 1 1 1 1]
 [1 1 1 1 1 1 1 1 1 1 1 1 1 1 1 1 1 1]
 [1 1 1 1 1 1 1 1 1 1 1 1 1 1 1 1 1 1]
 [1 1 1 1 1 1 1 1 1 1 1 1 1 1 1 1 1 1]
 [1 1 1 1 1 1 1 1 1 1 1 1 1 1 1 1 1 1]]
(-1, -4)
[[0 5 0]
 [0 5 5]
 [0 0 5]]
[[1 1 1 1 0 0 0 0 0 0 0 0 0 0 1 1 1 1]
 [1 1 1 1 0 0 0 0 0 0 0 0 0 0 1 1 1 1]
 [1 1 1 1 0 0 0 0 0 0 0 0 0 0 1 1 1 1]
 [1 1 1 1 0 0 0 0 0 0 0 0 0 0 1 1 1 1]
 [1 1 1 1 0 0 0 0 0 0 0 0 0 0 1 1 1 1]
 [1 1 1 1 0 0 0 0 0 0 0 0 0 0 1 1 1 1]
 [1 1 1 1 0 0 0 0 0 0 0 0 0 0 1 1 1 1]
 [1 1 1 1 0 0 0 0 0 0 0 0 0 0 1 1 1 1]
 [1 1 1 1 0 0 0 0 0 0 0 0 0 0 1 1 1 1]
 [1 1 1 1 0 0 0 0 0 0 0 0 0 0 1 1 1 1]
 [1 1 1 1 0 0 0 0 0 0 0 0 0 0 1 1 1 1]
 [1 1 1 1 0 0 0 0 0 0 0 0 0 0 1 1 1 1]
 [1 1 1 1 0 0 0 0 0 4 0 0 0 0 1 1 1 1]
 [1 1 1 1 0 0 0 0 4 4 4 0 0 0 1 1 1 1]
 [1 1 1 1 0 0 0 0 7 0 0 0 0 0 1 1 1 1]
 [1 1 1 1 0 0 0 0 7 7 7 0 0 0 1 1 1 1]
 [1 1 1 1 0 0 0 0 0 0 8 0 0 0 1 1 1 1]
 [1 1 1 1 0 9 0 0 8 8 8 0 0 0 1 1 1 1]
 [1 1 1 1 0 9 9 0 3 3 0 0 0 0 1 1 1 1]
 [1 1 1 1 0 0 9 0 3 3 0 0 0 0 1 1 1 1]
 [1 1 1 1 1 1 1 1 1 1 1 1 1 1 1 1 1 1]
 [1 1 1 1 1 1 1 1 1 1 1 1 1 1 1 1 1 1]
 [1 1 1 1 1 1 1 1 1 1 1 1 1 1 1 1 1 1]
 [1 1 1 1 1 1 1 1 1 1 1 1 1 1 1 1 1 1]]
(-1, -3)
[[0 5 0]
 [0 5 5]
 [0 0 5]]
[[1 1 1 1 0 0 0 0 0 0 0 0 0 0 1 1 1 1]
 [1 1 1 1 0 0 0 0 0 0 0 0 0 0 1 1 1 1]
 [1 1 1 1 0 0 0 0 0 0 0 0 0 0 1 1 1 1]
 [1 1 1 1 0 0 0 0 0 0 0 0 0 0 1 1 1 1]
 [1 1 1 1 0 0 0 0 0 0 0 0 0 0 1 1 1 1]
 [1 1 1 1 0 0 0 0 0 0 0 0 0 0 1 1 1 1]
 [1 1 1 1 0 0 0 0 0 0 0 0 0 0 1 1 1 1]
 [1 1 1 1 0 0 0 0 0 0 0 0 0 0 1 1 1 1]
 [1 1 1 1 0 0 0 0 0 0 0 0 0 0 1 1 1 1]
 [1 1 1 1 0 0 0 0 0 0 0 0 0 0 1 1 1 1]
 [1 1 1 1 0 0 0 0 0 0 0 0 0 0 1 1 1 1]
 [1 1 1 1 0 0 0 0 0 0 0 0 0 0 1 1 1 1]
 [1 1 1 1 0 0 0 0 0 4 0 0 0 0 1 1 1 1]
 [1 1 1 1 0 0 0 0 4 4 4 0 0 0 1 1 1 1]
 [1 1 1 1 0 0 0 0 7 0 0 0 0 0 1 1 1 1]
 [1 1 1 1 0 0 0 0 7 7 7 0 0 0 1 1 1 1]
 [1 1 1 1 0 0 0 0 0 0 8 0 0 0 1 1 1 1]
 [1 1 1 1 0 0 9 0 8 8 8 0 0 0 1 1 1 1]
 [1 1 1 1 0 0 9 9 3 3 0 0 0 0 1 1 1 1]
 [1 1 1 1 0 0 0 9 3 3 0 0 0 0 1 1 1 1]
 [1 1 1 1 1 1 1 1 1 1 1 1 1 1 1 1 1 1]
 [1 1 1 1 1 1 1 1 1 1 1 1 1 1 1 1 1 1]
 [1 1 1 1 1 1 1 1 1 1 1 1 1 1 1 1 1 1]
 [1 1 1 1 1 1 1 1 1 1 1 1 1 1 1 1 1 1]]
(-1, -2)
[[0 5 0]
 [0 5 5]
 [0 0 5]]
[[1 1 1 1 0 0 0 0 0 0 0 0 0 0 1 1 1 1]
 [1 1 1 1 0 0 0 0 0 0 0 0 0 0 1 1 1 1]
 [1 1 1 1 0 0 0 0 0 0 0 0 0 0 1 1 1 1]
 [1 1 1 1 0 0 0 0 0 0 0 0 0 0 1 1 1 1]
 [1 1 1 1 0 0 0 0 0 0 0 0 0 0 1 1 1 1]
 [1 1 1 1 0 0 0 0 0 0 0 0 0 0 1 1 1 1]
 [1 1 1 1 0 0 0 0 0 0 0 0 0 0 1 1 1 1]
 [1 1 1 1 0 0 0 0 0 0 0 0 0 0 1 1 1 1]
 [1 1 1 1 0 0 0 0 0 0 0 0 0 0 1 1 1 1]
 [1 1 1 1 0 0 0 0 0 0 0 0 0 0 1 1 1 1]
 [1 1 1 1 0 0 0 9 0 0 0 0 0 0 1 1 1 1]
 [1 1 1 1 0 0 0 9 9 0 0 0 0 0 1 1 1 1]
 [1 1 1 1 0 0 0 0 9 4 0 0 0 0 1 1 1 1]
 [1 1 1 1 0 0 0 0 4 4 4 0 0 0 1 1 1 1]
 [1 1 1 1 0 0 0 0 7 0 0 0 0 0 1 1 1 1]
 [1 1 1 1 0 0 0 0 7 7 7 0 0 0 1 1 1 1]
 [1 1 1 1 0 0 0 0 0 0 8 0 0 0 1 1 1 1]
 [1 1 1 1 0 0 0 0 8 8 8 0 0 0 1 1 1 1]
 [1 1 1 1 0 0 0 0 3 3 0 0 0 0 1 1 1 1]
 [1 1 1 1 0 0 0 0 3 3 0 0 0 0 1 1 1 1]
 [1 1 1 1 1 1 1 1 1 1 1 1 1 1 1 1 1 1]
 [1 1 1 1 1 1 1 1 1 1 1 1 1 1 1 1 1 1]
 [1 1 1 1 1 1 1 1 1 1 1 1 1 1 1 1 1 1]
 [1 1 1 1 1 1 1 1 1 1 1 1 1 1 1 1 1 1]]
(-1, -1)
[[0 5 0]
 [0 5 5]
 [0 0 5]]
[[1 1 1 1 0 0 0 0 0 0 0 0 0 0 1 1 1 1]
 [1 1 1 1 0 0 0 0 0 0 0 0 0 0 1 1 1 1]
 [1 1 1 1 0 0 0 0 0 0 0 0 0 0 1 1 1 1]
 [1 1 1 1 0 0 0 0 0 0 0 0 0 0 1 1 1 1]
 [1 1 1 1 0 0 0 0 0 0 0 0 0 0 1 1 1 1]
 [1 1 1 1 0 0 0 0 0 0 0 0 0 0 1 1 1 1]
 [1 1 1 1 0 0 0 0 0 0 0 0 0 0 1 1 1 1]
 [1 1 1 1 0 0 0 0 0 0 0 0 0 0 1 1 1 1]
 [1 1 1 1 0 0 0 0 0 0 0 0 0 0 1 1 1 1]
 [1 1 1 1 0 0 0 0 9 0 0 0 0 0 1 1 1 1]
 [1 1 1 1 0 0 0 0 9 9 0 0 0 0 1 1 1 1]
 [1 1 1 1 0 0 0 0 0 9 0 0 0 0 1 1 1 1]
 [1 1 1 1 0 0 0 0 0 4 0 0 0 0 1 1 1 1]
 [1 1 1 1 0 0 0 0 4 4 4 0 0 0 1 1 1 1]
 [1 1 1 1 0 0 0 0 7 0 0 0 0 0 1 1 1 1]
 [1 1 1 1 0 0 0 0 7 7 7 0 0 0 1 1 1 1]
 [1 1 1 1 0 0 0 0 0 0 8 0 0 0 1 1 1 1]
 [1 1 1 1 0 0 0 0 8 8 8 0 0 0 1 1 1 1]
 [1 1 1 1 0 0 0 0 3 3 0 0 0 0 1 1 1 1]
 [1 1 1 1 0 0 0 0 3 3 0 0 0 0 1 1 1 1]
 [1 1 1 1 1 1 1 1 1 1 1 1 1 1 1 1 1 1]
 [1 1 1 1 1 1 1 1 1 1 1 1 1 1 1 1 1 1]
 [1 1 1 1 1 1 1 1 1 1 1 1 1 1 1 1 1 1]
 [1 1 1 1 1 1 1 1 1 1 1 1 1 1 1 1 1 1]]
(-1, 0)
[[0 5 0]
 [0 5 5]
 [0 0 5]]
[[1 1 1 1 0 0 0 0 0 0 0 0 0 0 1 1 1 1]
 [1 1 1 1 0 0 0 0 0 0 0 0 0 0 1 1 1 1]
 [1 1 1 1 0 0 0 0 0 0 0 0 0 0 1 1 1 1]
 [1 1 1 1 0 0 0 0 0 0 0 0 0 0 1 1 1 1]
 [1 1 1 1 0 0 0 0 0 0 0 0 0 0 1 1 1 1]
 [1 1 1 1 0 0 0 0 0 0 0 0 0 0 1 1 1 1]
 [1 1 1 1 0 0 0 0 0 0 0 0 0 0 1 1 1 1]
 [1 1 1 1 0 0 0 0 0 0 0 0 0 0 1 1 1 1]
 [1 1 1 1 0 0 0 0 0 0 0 0 0 0 1 1 1 1]
 [1 1 1 1 0 0 0 0 0 0 0 0 0 0 1 1 1 1]
 [1 1 1 1 0 0 0 0 0 9 0 0 0 0 1 1 1 1]
 [1 1 1 1 0 0 0 0 0 9 9 0 0 0 1 1 1 1]
 [1 1 1 1 0 0 0 0 0 4 9 0 0 0 1 1 1 1]
 [1 1 1 1 0 0 0 0 4 4 4 0 0 0 1 1 1 1]
 [1 1 1 1 0 0 0 0 7 0 0 0 0 0 1 1 1 1]
 [1 1 1 1 0 0 0 0 7 7 7 0 0 0 1 1 1 1]
 [1 1 1 1 0 0 0 0 0 0 8 0 0 0 1 1 1 1]
 [1 1 1 1 0 0 0 0 8 8 8 0 0 0 1 1 1 1]
 [1 1 1 1 0 0 0 0 3 3 0 0 0 0 1 1 1 1]
 [1 1 1 1 0 0 0 0 3 3 0 0 0 0 1 1 1 1]
 [1 1 1 1 1 1 1 1 1 1 1 1 1 1 1 1 1 1]
 [1 1 1 1 1 1 1 1 1 1 1 1 1 1 1 1 1 1]
 [1 1 1 1 1 1 1 1 1 1 1 1 1 1 1 1 1 1]
 [1 1 1 1 1 1 1 1 1 1 1 1 1 1 1 1 1 1]]
(-1, 1)
[[0 5 0]
 [0 5 5]
 [0 0 5]]
[[1 1 1 1 0 0 0 0 0 0 0 0 0 0 1 1 1 1]
 [1 1 1 1 0 0 0 0 0 0 0 0 0 0 1 1 1 1]
 [1 1 1 1 0 0 0 0 0 0 0 0 0 0 1 1 1 1]
 [1 1 1 1 0 0 0 0 0 0 0 0 0 0 1 1 1 1]
 [1 1 1 1 0 0 0 0 0 0 0 0 0 0 1 1 1 1]
 [1 1 1 1 0 0 0 0 0 0 0 0 0 0 1 1 1 1]
 [1 1 1 1 0 0 0 0 0 0 0 0 0 0 1 1 1 1]
 [1 1 1 1 0 0 0 0 0 0 0 0 0 0 1 1 1 1]
 [1 1 1 1 0 0 0 0 0 0 0 0 0 0 1 1 1 1]
 [1 1 1 1 0 0 0 0 0 0 0 0 0 0 1 1 1 1]
 [1 1 1 1 0 0 0 0 0 0 0 0 0 0 1 1 1 1]
 [1 1 1 1 0 0 0 0 0 0 9 0 0 0 1 1 1 1]
 [1 1 1 1 0 0 0 0 0 4 9 9 0 0 1 1 1 1]
 [1 1 1 1 0 0 0 0 4 4 4 9 0 0 1 1 1 1]
 [1 1 1 1 0 0 0 0 7 0 0 0 0 0 1 1 1 1]
 [1 1 1 1 0 0 0 0 7 7 7 0 0 0 1 1 1 1]
 [1 1 1 1 0 0 0 0 0 0 8 0 0 0 1 1 1 1]
 [1 1 1 1 0 0 0 0 8 8 8 0 0 0 1 1 1 1]
 [1 1 1 1 0 0 0 0 3 3 0 0 0 0 1 1 1 1]
 [1 1 1 1 0 0 0 0 3 3 0 0 0 0 1 1 1 1]
 [1 1 1 1 1 1 1 1 1 1 1 1 1 1 1 1 1 1]
 [1 1 1 1 1 1 1 1 1 1 1 1 1 1 1 1 1 1]
 [1 1 1 1 1 1 1 1 1 1 1 1 1 1 1 1 1 1]
 [1 1 1 1 1 1 1 1 1 1 1 1 1 1 1 1 1 1]]
(-1, 2)
[[0 5 0]
 [0 5 5]
 [0 0 5]]
[[1 1 1 1 0 0 0 0 0 0 0 0 0 0 1 1 1 1]
 [1 1 1 1 0 0 0 0 0 0 0 0 0 0 1 1 1 1]
 [1 1 1 1 0 0 0 0 0 0 0 0 0 0 1 1 1 1]
 [1 1 1 1 0 0 0 0 0 0 0 0 0 0 1 1 1 1]
 [1 1 1 1 0 0 0 0 0 0 0 0 0 0 1 1 1 1]
 [1 1 1 1 0 0 0 0 0 0 0 0 0 0 1 1 1 1]
 [1 1 1 1 0 0 0 0 0 0 0 0 0 0 1 1 1 1]
 [1 1 1 1 0 0 0 0 0 0 0 0 0 0 1 1 1 1]
 [1 1 1 1 0 0 0 0 0 0 0 0 0 0 1 1 1 1]
 [1 1 1 1 0 0 0 0 0 0 0 0 0 0 1 1 1 1]
 [1 1 1 1 0 0 0 0 0 0 0 0 0 0 1 1 1 1]
 [1 1 1 1 0 0 0 0 0 0 0 0 0 0 1 1 1 1]
 [1 1 1 1 0 0 0 0 0 4 0 0 0 0 1 1 1 1]
 [1 1 1 1 0 0 0 0 4 4 4 0 0 0 1 1 1 1]
 [1 1 1 1 0 0 0 0 7 0 0 0 0 0 1 1 1 1]
 [1 1 1 1 0 0 0 0 7 7 7 0 0 0 1 1 1 1]
 [1 1 1 1 0 0 0 0 0 0 8 0 0 0 1 1 1 1]
 [1 1 1 1 0 0 0 0 8 8 8 9 0 0 1 1 1 1]
 [1 1 1 1 0 0 0 0 3 3 0 9 9 0 1 1 1 1]
 [1 1 1 1 0 0 0 0 3 3 0 0 9 0 1 1 1 1]
 [1 1 1 1 1 1 1 1 1 1 1 1 1 1 1 1 1 1]
 [1 1 1 1 1 1 1 1 1 1 1 1 1 1 1 1 1 1]
 [1 1 1 1 1 1 1 1 1 1 1 1 1 1 1 1 1 1]
 [1 1 1 1 1 1 1 1 1 1 1 1 1 1 1 1 1 1]]
(-1, 3)
[[0 5 0]
 [0 5 5]
 [0 0 5]]
[[1 1 1 1 0 0 0 0 0 0 0 0 0 0 1 1 1 1]
 [1 1 1 1 0 0 0 0 0 0 0 0 0 0 1 1 1 1]
 [1 1 1 1 0 0 0 0 0 0 0 0 0 0 1 1 1 1]
 [1 1 1 1 0 0 0 0 0 0 0 0 0 0 1 1 1 1]
 [1 1 1 1 0 0 0 0 0 0 0 0 0 0 1 1 1 1]
 [1 1 1 1 0 0 0 0 0 0 0 0 0 0 1 1 1 1]
 [1 1 1 1 0 0 0 0 0 0 0 0 0 0 1 1 1 1]
 [1 1 1 1 0 0 0 0 0 0 0 0 0 0 1 1 1 1]
 [1 1 1 1 0 0 0 0 0 0 0 0 0 0 1 1 1 1]
 [1 1 1 1 0 0 0 0 0 0 0 0 0 0 1 1 1 1]
 [1 1 1 1 0 0 0 0 0 0 0 0 0 0 1 1 1 1]
 [1 1 1 1 0 0 0 0 0 0 0 0 0 0 1 1 1 1]
 [1 1 1 1 0 0 0 0 0 4 0 0 0 0 1 1 1 1]
 [1 1 1 1 0 0 0 0 4 4 4 0 0 0 1 1 1 1]
 [1 1 1 1 0 0 0 0 7 0 0 0 0 0 1 1 1 1]
 [1 1 1 1 0 0 0 0 7 7 7 0 0 0 1 1 1 1]
 [1 1 1 1 0 0 0 0 0 0 8 0 0 0 1 1 1 1]
 [1 1 1 1 0 0 0 0 8 8 8 0 9 0 1 1 1 1]
 [1 1 1 1 0 0 0 0 3 3 0 0 9 9 1 1 1 1]
 [1 1 1 1 0 0 0 0 3 3 0 0 0 9 1 1 1 1]
 [1 1 1 1 1 1 1 1 1 1 1 1 1 1 1 1 1 1]
 [1 1 1 1 1 1 1 1 1 1 1 1 1 1 1 1 1 1]
 [1 1 1 1 1 1 1 1 1 1 1 1 1 1 1 1 1 1]
 [1 1 1 1 1 1 1 1 1 1 1 1 1 1 1 1 1 1]]
(0, -4)
[[0 5 5]
 [5 5 0]
 [0 0 0]]
[[1 1 1 1 0 0 0 0 0 0 0 0 0 0 1 1 1 1]
 [1 1 1 1 0 0 0 0 0 0 0 0 0 0 1 1 1 1]
 [1 1 1 1 0 0 0 0 0 0 0 0 0 0 1 1 1 1]
 [1 1 1 1 0 0 0 0 0 0 0 0 0 0 1 1 1 1]
 [1 1 1 1 0 0 0 0 0 0 0 0 0 0 1 1 1 1]
 [1 1 1 1 0 0 0 0 0 0 0 0 0 0 1 1 1 1]
 [1 1 1 1 0 0 0 0 0 0 0 0 0 0 1 1 1 1]
 [1 1 1 1 0 0 0 0 0 0 0 0 0 0 1 1 1 1]
 [1 1 1 1 0 0 0 0 0 0 0 0 0 0 1 1 1 1]
 [1 1 1 1 0 0 0 0 0 0 0 0 0 0 1 1 1 1]
 [1 1 1 1 0 0 0 0 0 0 0 0 0 0 1 1 1 1]
 [1 1 1 1 0 0 0 0 0 0 0 0 0 0 1 1 1 1]
 [1 1 1 1 0 0 0 0 0 4 0 0 0 0 1 1 1 1]
 [1 1 1 1 0 0 0 0 4 4 4 0 0 0 1 1 1 1]
 [1 1 1 1 0 0 0 0 7 0 0 0 0 0 1 1 1 1]
 [1 1 1 1 0 0 0 0 7 7 7 0 0 0 1 1 1 1]
 [1 1 1 1 0 0 0 0 0 0 8 0 0 0 1 1 1 1]
 [1 1 1 1 0 0 0 0 8 8 8 0 0 0 1 1 1 1]
 [1 1 1 1 0 9 9 0 3 3 0 0 0 0 1 1 1 1]
 [1 1 1 1 9 9 0 0 3 3 0 0 0 0 1 1 1 1]
 [1 1 1 1 1 1 1 1 1 1 1 1 1 1 1 1 1 1]
 [1 1 1 1 1 1 1 1 1 1 1 1 1 1 1 1 1 1]
 [1 1 1 1 1 1 1 1 1 1 1 1 1 1 1 1 1 1]
 [1 1 1 1 1 1 1 1 1 1 1 1 1 1 1 1 1 1]]
(0, -3)
[[0 5 5]
 [5 5 0]
 [0 0 0]]
[[1 1 1 1 0 0 0 0 0 0 0 0 0 0 1 1 1 1]
 [1 1 1 1 0 0 0 0 0 0 0 0 0 0 1 1 1 1]
 [1 1 1 1 0 0 0 0 0 0 0 0 0 0 1 1 1 1]
 [1 1 1 1 0 0 0 0 0 0 0 0 0 0 1 1 1 1]
 [1 1 1 1 0 0 0 0 0 0 0 0 0 0 1 1 1 1]
 [1 1 1 1 0 0 0 0 0 0 0 0 0 0 1 1 1 1]
 [1 1 1 1 0 0 0 0 0 0 0 0 0 0 1 1 1 1]
 [1 1 1 1 0 0 0 0 0 0 0 0 0 0 1 1 1 1]
 [1 1 1 1 0 0 0 0 0 0 0 0 0 0 1 1 1 1]
 [1 1 1 1 0 0 0 0 0 0 0 0 0 0 1 1 1 1]
 [1 1 1 1 0 0 0 0 0 0 0 0 0 0 1 1 1 1]
 [1 1 1 1 0 0 0 0 0 0 0 0 0 0 1 1 1 1]
 [1 1 1 1 0 0 0 0 0 4 0 0 0 0 1 1 1 1]
 [1 1 1 1 0 0 0 0 4 4 4 0 0 0 1 1 1 1]
 [1 1 1 1 0 0 0 0 7 0 0 0 0 0 1 1 1 1]
 [1 1 1 1 0 0 0 0 7 7 7 0 0 0 1 1 1 1]
 [1 1 1 1 0 0 0 0 0 0 8 0 0 0 1 1 1 1]
 [1 1 1 1 0 0 0 0 8 8 8 0 0 0 1 1 1 1]
 [1 1 1 1 0 0 9 9 3 3 0 0 0 0 1 1 1 1]
 [1 1 1 1 0 9 9 0 3 3 0 0 0 0 1 1 1 1]
 [1 1 1 1 1 1 1 1 1 1 1 1 1 1 1 1 1 1]
 [1 1 1 1 1 1 1 1 1 1 1 1 1 1 1 1 1 1]
 [1 1 1 1 1 1 1 1 1 1 1 1 1 1 1 1 1 1]
 [1 1 1 1 1 1 1 1 1 1 1 1 1 1 1 1 1 1]]
(0, -2)
[[0 5 5]
 [5 5 0]
 [0 0 0]]
[[1 1 1 1 0 0 0 0 0 0 0 0 0 0 1 1 1 1]
 [1 1 1 1 0 0 0 0 0 0 0 0 0 0 1 1 1 1]
 [1 1 1 1 0 0 0 0 0 0 0 0 0 0 1 1 1 1]
 [1 1 1 1 0 0 0 0 0 0 0 0 0 0 1 1 1 1]
 [1 1 1 1 0 0 0 0 0 0 0 0 0 0 1 1 1 1]
 [1 1 1 1 0 0 0 0 0 0 0 0 0 0 1 1 1 1]
 [1 1 1 1 0 0 0 0 0 0 0 0 0 0 1 1 1 1]
 [1 1 1 1 0 0 0 0 0 0 0 0 0 0 1 1 1 1]
 [1 1 1 1 0 0 0 0 0 0 0 0 0 0 1 1 1 1]
 [1 1 1 1 0 0 0 0 0 0 0 0 0 0 1 1 1 1]
 [1 1 1 1 0 0 0 0 0 0 0 0 0 0 1 1 1 1]
 [1 1 1 1 0 0 0 0 0 0 0 0 0 0 1 1 1 1]
 [1 1 1 1 0 0 0 9 9 4 0 0 0 0 1 1 1 1]
 [1 1 1 1 0 0 9 9 4 4 4 0 0 0 1 1 1 1]
 [1 1 1 1 0 0 0 0 7 0 0 0 0 0 1 1 1 1]
 [1 1 1 1 0 0 0 0 7 7 7 0 0 0 1 1 1 1]
 [1 1 1 1 0 0 0 0 0 0 8 0 0 0 1 1 1 1]
 [1 1 1 1 0 0 0 0 8 8 8 0 0 0 1 1 1 1]
 [1 1 1 1 0 0 0 0 3 3 0 0 0 0 1 1 1 1]
 [1 1 1 1 0 0 0 0 3 3 0 0 0 0 1 1 1 1]
 [1 1 1 1 1 1 1 1 1 1 1 1 1 1 1 1 1 1]
 [1 1 1 1 1 1 1 1 1 1 1 1 1 1 1 1 1 1]
 [1 1 1 1 1 1 1 1 1 1 1 1 1 1 1 1 1 1]
 [1 1 1 1 1 1 1 1 1 1 1 1 1 1 1 1 1 1]]
(0, -1)
[[0 5 5]
 [5 5 0]
 [0 0 0]]
[[1 1 1 1 0 0 0 0 0 0 0 0 0 0 1 1 1 1]
 [1 1 1 1 0 0 0 0 0 0 0 0 0 0 1 1 1 1]
 [1 1 1 1 0 0 0 0 0 0 0 0 0 0 1 1 1 1]
 [1 1 1 1 0 0 0 0 0 0 0 0 0 0 1 1 1 1]
 [1 1 1 1 0 0 0 0 0 0 0 0 0 0 1 1 1 1]
 [1 1 1 1 0 0 0 0 0 0 0 0 0 0 1 1 1 1]
 [1 1 1 1 0 0 0 0 0 0 0 0 0 0 1 1 1 1]
 [1 1 1 1 0 0 0 0 0 0 0 0 0 0 1 1 1 1]
 [1 1 1 1 0 0 0 0 0 0 0 0 0 0 1 1 1 1]
 [1 1 1 1 0 0 0 0 0 0 0 0 0 0 1 1 1 1]
 [1 1 1 1 0 0 0 0 0 0 0 0 0 0 1 1 1 1]
 [1 1 1 1 0 0 0 0 9 9 0 0 0 0 1 1 1 1]
 [1 1 1 1 0 0 0 9 9 4 0 0 0 0 1 1 1 1]
 [1 1 1 1 0 0 0 0 4 4 4 0 0 0 1 1 1 1]
 [1 1 1 1 0 0 0 0 7 0 0 0 0 0 1 1 1 1]
 [1 1 1 1 0 0 0 0 7 7 7 0 0 0 1 1 1 1]
 [1 1 1 1 0 0 0 0 0 0 8 0 0 0 1 1 1 1]
 [1 1 1 1 0 0 0 0 8 8 8 0 0 0 1 1 1 1]
 [1 1 1 1 0 0 0 0 3 3 0 0 0 0 1 1 1 1]
 [1 1 1 1 0 0 0 0 3 3 0 0 0 0 1 1 1 1]
 [1 1 1 1 1 1 1 1 1 1 1 1 1 1 1 1 1 1]
 [1 1 1 1 1 1 1 1 1 1 1 1 1 1 1 1 1 1]
 [1 1 1 1 1 1 1 1 1 1 1 1 1 1 1 1 1 1]
 [1 1 1 1 1 1 1 1 1 1 1 1 1 1 1 1 1 1]]
(0, 0)
[[0 5 5]
 [5 5 0]
 [0 0 0]]
[[1 1 1 1 0 0 0 0 0 0 0 0 0 0 1 1 1 1]
 [1 1 1 1 0 0 0 0 0 0 0 0 0 0 1 1 1 1]
 [1 1 1 1 0 0 0 0 0 0 0 0 0 0 1 1 1 1]
 [1 1 1 1 0 0 0 0 0 0 0 0 0 0 1 1 1 1]
 [1 1 1 1 0 0 0 0 0 0 0 0 0 0 1 1 1 1]
 [1 1 1 1 0 0 0 0 0 0 0 0 0 0 1 1 1 1]
 [1 1 1 1 0 0 0 0 0 0 0 0 0 0 1 1 1 1]
 [1 1 1 1 0 0 0 0 0 0 0 0 0 0 1 1 1 1]
 [1 1 1 1 0 0 0 0 0 0 0 0 0 0 1 1 1 1]
 [1 1 1 1 0 0 0 0 0 0 0 0 0 0 1 1 1 1]
 [1 1 1 1 0 0 0 0 0 9 9 0 0 0 1 1 1 1]
 [1 1 1 1 0 0 0 0 9 9 0 0 0 0 1 1 1 1]
 [1 1 1 1 0 0 0 0 0 4 0 0 0 0 1 1 1 1]
 [1 1 1 1 0 0 0 0 4 4 4 0 0 0 1 1 1 1]
 [1 1 1 1 0 0 0 0 7 0 0 0 0 0 1 1 1 1]
 [1 1 1 1 0 0 0 0 7 7 7 0 0 0 1 1 1 1]
 [1 1 1 1 0 0 0 0 0 0 8 0 0 0 1 1 1 1]
 [1 1 1 1 0 0 0 0 8 8 8 0 0 0 1 1 1 1]
 [1 1 1 1 0 0 0 0 3 3 0 0 0 0 1 1 1 1]
 [1 1 1 1 0 0 0 0 3 3 0 0 0 0 1 1 1 1]
 [1 1 1 1 1 1 1 1 1 1 1 1 1 1 1 1 1 1]
 [1 1 1 1 1 1 1 1 1 1 1 1 1 1 1 1 1 1]
 [1 1 1 1 1 1 1 1 1 1 1 1 1 1 1 1 1 1]
 [1 1 1 1 1 1 1 1 1 1 1 1 1 1 1 1 1 1]]
(0, 1)
[[0 5 5]
 [5 5 0]
 [0 0 0]]
[[1 1 1 1 0 0 0 0 0 0 0 0 0 0 1 1 1 1]
 [1 1 1 1 0 0 0 0 0 0 0 0 0 0 1 1 1 1]
 [1 1 1 1 0 0 0 0 0 0 0 0 0 0 1 1 1 1]
 [1 1 1 1 0 0 0 0 0 0 0 0 0 0 1 1 1 1]
 [1 1 1 1 0 0 0 0 0 0 0 0 0 0 1 1 1 1]
 [1 1 1 1 0 0 0 0 0 0 0 0 0 0 1 1 1 1]
 [1 1 1 1 0 0 0 0 0 0 0 0 0 0 1 1 1 1]
 [1 1 1 1 0 0 0 0 0 0 0 0 0 0 1 1 1 1]
 [1 1 1 1 0 0 0 0 0 0 0 0 0 0 1 1 1 1]
 [1 1 1 1 0 0 0 0 0 0 0 0 0 0 1 1 1 1]
 [1 1 1 1 0 0 0 0 0 0 9 9 0 0 1 1 1 1]
 [1 1 1 1 0 0 0 0 0 9 9 0 0 0 1 1 1 1]
 [1 1 1 1 0 0 0 0 0 4 0 0 0 0 1 1 1 1]
 [1 1 1 1 0 0 0 0 4 4 4 0 0 0 1 1 1 1]
 [1 1 1 1 0 0 0 0 7 0 0 0 0 0 1 1 1 1]
 [1 1 1 1 0 0 0 0 7 7 7 0 0 0 1 1 1 1]
 [1 1 1 1 0 0 0 0 0 0 8 0 0 0 1 1 1 1]
 [1 1 1 1 0 0 0 0 8 8 8 0 0 0 1 1 1 1]
 [1 1 1 1 0 0 0 0 3 3 0 0 0 0 1 1 1 1]
 [1 1 1 1 0 0 0 0 3 3 0 0 0 0 1 1 1 1]
 [1 1 1 1 1 1 1 1 1 1 1 1 1 1 1 1 1 1]
 [1 1 1 1 1 1 1 1 1 1 1 1 1 1 1 1 1 1]
 [1 1 1 1 1 1 1 1 1 1 1 1 1 1 1 1 1 1]
 [1 1 1 1 1 1 1 1 1 1 1 1 1 1 1 1 1 1]]
(0, 2)
[[0 5 5]
 [5 5 0]
 [0 0 0]]
[[1 1 1 1 0 0 0 0 0 0 0 0 0 0 1 1 1 1]
 [1 1 1 1 0 0 0 0 0 0 0 0 0 0 1 1 1 1]
 [1 1 1 1 0 0 0 0 0 0 0 0 0 0 1 1 1 1]
 [1 1 1 1 0 0 0 0 0 0 0 0 0 0 1 1 1 1]
 [1 1 1 1 0 0 0 0 0 0 0 0 0 0 1 1 1 1]
 [1 1 1 1 0 0 0 0 0 0 0 0 0 0 1 1 1 1]
 [1 1 1 1 0 0 0 0 0 0 0 0 0 0 1 1 1 1]
 [1 1 1 1 0 0 0 0 0 0 0 0 0 0 1 1 1 1]
 [1 1 1 1 0 0 0 0 0 0 0 0 0 0 1 1 1 1]
 [1 1 1 1 0 0 0 0 0 0 0 0 0 0 1 1 1 1]
 [1 1 1 1 0 0 0 0 0 0 0 0 0 0 1 1 1 1]
 [1 1 1 1 0 0 0 0 0 0 0 9 9 0 1 1 1 1]
 [1 1 1 1 0 0 0 0 0 4 9 9 0 0 1 1 1 1]
 [1 1 1 1 0 0 0 0 4 4 4 0 0 0 1 1 1 1]
 [1 1 1 1 0 0 0 0 7 0 0 0 0 0 1 1 1 1]
 [1 1 1 1 0 0 0 0 7 7 7 0 0 0 1 1 1 1]
 [1 1 1 1 0 0 0 0 0 0 8 0 0 0 1 1 1 1]
 [1 1 1 1 0 0 0 0 8 8 8 0 0 0 1 1 1 1]
 [1 1 1 1 0 0 0 0 3 3 0 0 0 0 1 1 1 1]
 [1 1 1 1 0 0 0 0 3 3 0 0 0 0 1 1 1 1]
 [1 1 1 1 1 1 1 1 1 1 1 1 1 1 1 1 1 1]
 [1 1 1 1 1 1 1 1 1 1 1 1 1 1 1 1 1 1]
 [1 1 1 1 1 1 1 1 1 1 1 1 1 1 1 1 1 1]
 [1 1 1 1 1 1 1 1 1 1 1 1 1 1 1 1 1 1]]
(0, 3)
[[0 5 5]
 [5 5 0]
 [0 0 0]]
[[1 1 1 1 0 0 0 0 0 0 0 0 0 0 1 1 1 1]
 [1 1 1 1 0 0 0 0 0 0 0 0 0 0 1 1 1 1]
 [1 1 1 1 0 0 0 0 0 0 0 0 0 0 1 1 1 1]
 [1 1 1 1 0 0 0 0 0 0 0 0 0 0 1 1 1 1]
 [1 1 1 1 0 0 0 0 0 0 0 0 0 0 1 1 1 1]
 [1 1 1 1 0 0 0 0 0 0 0 0 0 0 1 1 1 1]
 [1 1 1 1 0 0 0 0 0 0 0 0 0 0 1 1 1 1]
 [1 1 1 1 0 0 0 0 0 0 0 0 0 0 1 1 1 1]
 [1 1 1 1 0 0 0 0 0 0 0 0 0 0 1 1 1 1]
 [1 1 1 1 0 0 0 0 0 0 0 0 0 0 1 1 1 1]
 [1 1 1 1 0 0 0 0 0 0 0 0 0 0 1 1 1 1]
 [1 1 1 1 0 0 0 0 0 0 0 0 0 0 1 1 1 1]
 [1 1 1 1 0 0 0 0 0 4 0 0 0 0 1 1 1 1]
 [1 1 1 1 0 0 0 0 4 4 4 0 0 0 1 1 1 1]
 [1 1 1 1 0 0 0 0 7 0 0 0 0 0 1 1 1 1]
 [1 1 1 1 0 0 0 0 7 7 7 0 0 0 1 1 1 1]
 [1 1 1 1 0 0 0 0 0 0 8 0 0 0 1 1 1 1]
 [1 1 1 1 0 0 0 0 8 8 8 0 0 0 1 1 1 1]
 [1 1 1 1 0 0 0 0 3 3 0 0 9 9 1 1 1 1]
 [1 1 1 1 0 0 0 0 3 3 0 9 9 0 1 1 1 1]
 [1 1 1 1 1 1 1 1 1 1 1 1 1 1 1 1 1 1]
 [1 1 1 1 1 1 1 1 1 1 1 1 1 1 1 1 1 1]
 [1 1 1 1 1 1 1 1 1 1 1 1 1 1 1 1 1 1]
 [1 1 1 1 1 1 1 1 1 1 1 1 1 1 1 1 1 1]]
(1, -4)
[[5 0 0]
 [5 5 0]
 [0 5 0]]
[[1 1 1 1 0 0 0 0 0 0 0 0 0 0 1 1 1 1]
 [1 1 1 1 0 0 0 0 0 0 0 0 0 0 1 1 1 1]
 [1 1 1 1 0 0 0 0 0 0 0 0 0 0 1 1 1 1]
 [1 1 1 1 0 0 0 0 0 0 0 0 0 0 1 1 1 1]
 [1 1 1 1 0 0 0 0 0 0 0 0 0 0 1 1 1 1]
 [1 1 1 1 0 0 0 0 0 0 0 0 0 0 1 1 1 1]
 [1 1 1 1 0 0 0 0 0 0 0 0 0 0 1 1 1 1]
 [1 1 1 1 0 0 0 0 0 0 0 0 0 0 1 1 1 1]
 [1 1 1 1 0 0 0 0 0 0 0 0 0 0 1 1 1 1]
 [1 1 1 1 0 0 0 0 0 0 0 0 0 0 1 1 1 1]
 [1 1 1 1 0 0 0 0 0 0 0 0 0 0 1 1 1 1]
 [1 1 1 1 0 0 0 0 0 0 0 0 0 0 1 1 1 1]
 [1 1 1 1 0 0 0 0 0 4 0 0 0 0 1 1 1 1]
 [1 1 1 1 0 0 0 0 4 4 4 0 0 0 1 1 1 1]
 [1 1 1 1 0 0 0 0 7 0 0 0 0 0 1 1 1 1]
 [1 1 1 1 0 0 0 0 7 7 7 0 0 0 1 1 1 1]
 [1 1 1 1 0 0 0 0 0 0 8 0 0 0 1 1 1 1]
 [1 1 1 1 9 0 0 0 8 8 8 0 0 0 1 1 1 1]
 [1 1 1 1 9 9 0 0 3 3 0 0 0 0 1 1 1 1]
 [1 1 1 1 0 9 0 0 3 3 0 0 0 0 1 1 1 1]
 [1 1 1 1 1 1 1 1 1 1 1 1 1 1 1 1 1 1]
 [1 1 1 1 1 1 1 1 1 1 1 1 1 1 1 1 1 1]
 [1 1 1 1 1 1 1 1 1 1 1 1 1 1 1 1 1 1]
 [1 1 1 1 1 1 1 1 1 1 1 1 1 1 1 1 1 1]]
(1, -3)
[[5 0 0]
 [5 5 0]
 [0 5 0]]
[[1 1 1 1 0 0 0 0 0 0 0 0 0 0 1 1 1 1]
 [1 1 1 1 0 0 0 0 0 0 0 0 0 0 1 1 1 1]
 [1 1 1 1 0 0 0 0 0 0 0 0 0 0 1 1 1 1]
 [1 1 1 1 0 0 0 0 0 0 0 0 0 0 1 1 1 1]
 [1 1 1 1 0 0 0 0 0 0 0 0 0 0 1 1 1 1]
 [1 1 1 1 0 0 0 0 0 0 0 0 0 0 1 1 1 1]
 [1 1 1 1 0 0 0 0 0 0 0 0 0 0 1 1 1 1]
 [1 1 1 1 0 0 0 0 0 0 0 0 0 0 1 1 1 1]
 [1 1 1 1 0 0 0 0 0 0 0 0 0 0 1 1 1 1]
 [1 1 1 1 0 0 0 0 0 0 0 0 0 0 1 1 1 1]
 [1 1 1 1 0 0 0 0 0 0 0 0 0 0 1 1 1 1]
 [1 1 1 1 0 0 0 0 0 0 0 0 0 0 1 1 1 1]
 [1 1 1 1 0 0 0 0 0 4 0 0 0 0 1 1 1 1]
 [1 1 1 1 0 0 0 0 4 4 4 0 0 0 1 1 1 1]
 [1 1 1 1 0 0 0 0 7 0 0 0 0 0 1 1 1 1]
 [1 1 1 1 0 0 0 0 7 7 7 0 0 0 1 1 1 1]
 [1 1 1 1 0 0 0 0 0 0 8 0 0 0 1 1 1 1]
 [1 1 1 1 0 9 0 0 8 8 8 0 0 0 1 1 1 1]
 [1 1 1 1 0 9 9 0 3 3 0 0 0 0 1 1 1 1]
 [1 1 1 1 0 0 9 0 3 3 0 0 0 0 1 1 1 1]
 [1 1 1 1 1 1 1 1 1 1 1 1 1 1 1 1 1 1]
 [1 1 1 1 1 1 1 1 1 1 1 1 1 1 1 1 1 1]
 [1 1 1 1 1 1 1 1 1 1 1 1 1 1 1 1 1 1]
 [1 1 1 1 1 1 1 1 1 1 1 1 1 1 1 1 1 1]]
(1, -2)
[[5 0 0]
 [5 5 0]
 [0 5 0]]
[[1 1 1 1 0 0 0 0 0 0 0 0 0 0 1 1 1 1]
 [1 1 1 1 0 0 0 0 0 0 0 0 0 0 1 1 1 1]
 [1 1 1 1 0 0 0 0 0 0 0 0 0 0 1 1 1 1]
 [1 1 1 1 0 0 0 0 0 0 0 0 0 0 1 1 1 1]
 [1 1 1 1 0 0 0 0 0 0 0 0 0 0 1 1 1 1]
 [1 1 1 1 0 0 0 0 0 0 0 0 0 0 1 1 1 1]
 [1 1 1 1 0 0 0 0 0 0 0 0 0 0 1 1 1 1]
 [1 1 1 1 0 0 0 0 0 0 0 0 0 0 1 1 1 1]
 [1 1 1 1 0 0 0 0 0 0 0 0 0 0 1 1 1 1]
 [1 1 1 1 0 0 0 0 0 0 0 0 0 0 1 1 1 1]
 [1 1 1 1 0 0 0 0 0 0 0 0 0 0 1 1 1 1]
 [1 1 1 1 0 0 0 0 0 0 0 0 0 0 1 1 1 1]
 [1 1 1 1 0 0 0 0 0 4 0 0 0 0 1 1 1 1]
 [1 1 1 1 0 0 0 0 4 4 4 0 0 0 1 1 1 1]
 [1 1 1 1 0 0 0 0 7 0 0 0 0 0 1 1 1 1]
 [1 1 1 1 0 0 0 0 7 7 7 0 0 0 1 1 1 1]
 [1 1 1 1 0 0 0 0 0 0 8 0 0 0 1 1 1 1]
 [1 1 1 1 0 0 9 0 8 8 8 0 0 0 1 1 1 1]
 [1 1 1 1 0 0 9 9 3 3 0 0 0 0 1 1 1 1]
 [1 1 1 1 0 0 0 9 3 3 0 0 0 0 1 1 1 1]
 [1 1 1 1 1 1 1 1 1 1 1 1 1 1 1 1 1 1]
 [1 1 1 1 1 1 1 1 1 1 1 1 1 1 1 1 1 1]
 [1 1 1 1 1 1 1 1 1 1 1 1 1 1 1 1 1 1]
 [1 1 1 1 1 1 1 1 1 1 1 1 1 1 1 1 1 1]]
(1, -1)
[[5 0 0]
 [5 5 0]
 [0 5 0]]
[[1 1 1 1 0 0 0 0 0 0 0 0 0 0 1 1 1 1]
 [1 1 1 1 0 0 0 0 0 0 0 0 0 0 1 1 1 1]
 [1 1 1 1 0 0 0 0 0 0 0 0 0 0 1 1 1 1]
 [1 1 1 1 0 0 0 0 0 0 0 0 0 0 1 1 1 1]
 [1 1 1 1 0 0 0 0 0 0 0 0 0 0 1 1 1 1]
 [1 1 1 1 0 0 0 0 0 0 0 0 0 0 1 1 1 1]
 [1 1 1 1 0 0 0 0 0 0 0 0 0 0 1 1 1 1]
 [1 1 1 1 0 0 0 0 0 0 0 0 0 0 1 1 1 1]
 [1 1 1 1 0 0 0 0 0 0 0 0 0 0 1 1 1 1]
 [1 1 1 1 0 0 0 0 0 0 0 0 0 0 1 1 1 1]
 [1 1 1 1 0 0 0 9 0 0 0 0 0 0 1 1 1 1]
 [1 1 1 1 0 0 0 9 9 0 0 0 0 0 1 1 1 1]
 [1 1 1 1 0 0 0 0 9 4 0 0 0 0 1 1 1 1]
 [1 1 1 1 0 0 0 0 4 4 4 0 0 0 1 1 1 1]
 [1 1 1 1 0 0 0 0 7 0 0 0 0 0 1 1 1 1]
 [1 1 1 1 0 0 0 0 7 7 7 0 0 0 1 1 1 1]
 [1 1 1 1 0 0 0 0 0 0 8 0 0 0 1 1 1 1]
 [1 1 1 1 0 0 0 0 8 8 8 0 0 0 1 1 1 1]
 [1 1 1 1 0 0 0 0 3 3 0 0 0 0 1 1 1 1]
 [1 1 1 1 0 0 0 0 3 3 0 0 0 0 1 1 1 1]
 [1 1 1 1 1 1 1 1 1 1 1 1 1 1 1 1 1 1]
 [1 1 1 1 1 1 1 1 1 1 1 1 1 1 1 1 1 1]
 [1 1 1 1 1 1 1 1 1 1 1 1 1 1 1 1 1 1]
 [1 1 1 1 1 1 1 1 1 1 1 1 1 1 1 1 1 1]]
(1, 0)
[[5 0 0]
 [5 5 0]
 [0 5 0]]
[[1 1 1 1 0 0 0 0 0 0 0 0 0 0 1 1 1 1]
 [1 1 1 1 0 0 0 0 0 0 0 0 0 0 1 1 1 1]
 [1 1 1 1 0 0 0 0 0 0 0 0 0 0 1 1 1 1]
 [1 1 1 1 0 0 0 0 0 0 0 0 0 0 1 1 1 1]
 [1 1 1 1 0 0 0 0 0 0 0 0 0 0 1 1 1 1]
 [1 1 1 1 0 0 0 0 0 0 0 0 0 0 1 1 1 1]
 [1 1 1 1 0 0 0 0 0 0 0 0 0 0 1 1 1 1]
 [1 1 1 1 0 0 0 0 0 0 0 0 0 0 1 1 1 1]
 [1 1 1 1 0 0 0 0 0 0 0 0 0 0 1 1 1 1]
 [1 1 1 1 0 0 0 0 9 0 0 0 0 0 1 1 1 1]
 [1 1 1 1 0 0 0 0 9 9 0 0 0 0 1 1 1 1]
 [1 1 1 1 0 0 0 0 0 9 0 0 0 0 1 1 1 1]
 [1 1 1 1 0 0 0 0 0 4 0 0 0 0 1 1 1 1]
 [1 1 1 1 0 0 0 0 4 4 4 0 0 0 1 1 1 1]
 [1 1 1 1 0 0 0 0 7 0 0 0 0 0 1 1 1 1]
 [1 1 1 1 0 0 0 0 7 7 7 0 0 0 1 1 1 1]
 [1 1 1 1 0 0 0 0 0 0 8 0 0 0 1 1 1 1]
 [1 1 1 1 0 0 0 0 8 8 8 0 0 0 1 1 1 1]
 [1 1 1 1 0 0 0 0 3 3 0 0 0 0 1 1 1 1]
 [1 1 1 1 0 0 0 0 3 3 0 0 0 0 1 1 1 1]
 [1 1 1 1 1 1 1 1 1 1 1 1 1 1 1 1 1 1]
 [1 1 1 1 1 1 1 1 1 1 1 1 1 1 1 1 1 1]
 [1 1 1 1 1 1 1 1 1 1 1 1 1 1 1 1 1 1]
 [1 1 1 1 1 1 1 1 1 1 1 1 1 1 1 1 1 1]]
(1, 1)
[[5 0 0]
 [5 5 0]
 [0 5 0]]
[[1 1 1 1 0 0 0 0 0 0 0 0 0 0 1 1 1 1]
 [1 1 1 1 0 0 0 0 0 0 0 0 0 0 1 1 1 1]
 [1 1 1 1 0 0 0 0 0 0 0 0 0 0 1 1 1 1]
 [1 1 1 1 0 0 0 0 0 0 0 0 0 0 1 1 1 1]
 [1 1 1 1 0 0 0 0 0 0 0 0 0 0 1 1 1 1]
 [1 1 1 1 0 0 0 0 0 0 0 0 0 0 1 1 1 1]
 [1 1 1 1 0 0 0 0 0 0 0 0 0 0 1 1 1 1]
 [1 1 1 1 0 0 0 0 0 0 0 0 0 0 1 1 1 1]
 [1 1 1 1 0 0 0 0 0 0 0 0 0 0 1 1 1 1]
 [1 1 1 1 0 0 0 0 0 0 0 0 0 0 1 1 1 1]
 [1 1 1 1 0 0 0 0 0 9 0 0 0 0 1 1 1 1]
 [1 1 1 1 0 0 0 0 0 9 9 0 0 0 1 1 1 1]
 [1 1 1 1 0 0 0 0 0 4 9 0 0 0 1 1 1 1]
 [1 1 1 1 0 0 0 0 4 4 4 0 0 0 1 1 1 1]
 [1 1 1 1 0 0 0 0 7 0 0 0 0 0 1 1 1 1]
 [1 1 1 1 0 0 0 0 7 7 7 0 0 0 1 1 1 1]
 [1 1 1 1 0 0 0 0 0 0 8 0 0 0 1 1 1 1]
 [1 1 1 1 0 0 0 0 8 8 8 0 0 0 1 1 1 1]
 [1 1 1 1 0 0 0 0 3 3 0 0 0 0 1 1 1 1]
 [1 1 1 1 0 0 0 0 3 3 0 0 0 0 1 1 1 1]
 [1 1 1 1 1 1 1 1 1 1 1 1 1 1 1 1 1 1]
 [1 1 1 1 1 1 1 1 1 1 1 1 1 1 1 1 1 1]
 [1 1 1 1 1 1 1 1 1 1 1 1 1 1 1 1 1 1]
 [1 1 1 1 1 1 1 1 1 1 1 1 1 1 1 1 1 1]]
(1, 2)
[[5 0 0]
 [5 5 0]
 [0 5 0]]
[[1 1 1 1 0 0 0 0 0 0 0 0 0 0 1 1 1 1]
 [1 1 1 1 0 0 0 0 0 0 0 0 0 0 1 1 1 1]
 [1 1 1 1 0 0 0 0 0 0 0 0 0 0 1 1 1 1]
 [1 1 1 1 0 0 0 0 0 0 0 0 0 0 1 1 1 1]
 [1 1 1 1 0 0 0 0 0 0 0 0 0 0 1 1 1 1]
 [1 1 1 1 0 0 0 0 0 0 0 0 0 0 1 1 1 1]
 [1 1 1 1 0 0 0 0 0 0 0 0 0 0 1 1 1 1]
 [1 1 1 1 0 0 0 0 0 0 0 0 0 0 1 1 1 1]
 [1 1 1 1 0 0 0 0 0 0 0 0 0 0 1 1 1 1]
 [1 1 1 1 0 0 0 0 0 0 0 0 0 0 1 1 1 1]
 [1 1 1 1 0 0 0 0 0 0 0 0 0 0 1 1 1 1]
 [1 1 1 1 0 0 0 0 0 0 9 0 0 0 1 1 1 1]
 [1 1 1 1 0 0 0 0 0 4 9 9 0 0 1 1 1 1]
 [1 1 1 1 0 0 0 0 4 4 4 9 0 0 1 1 1 1]
 [1 1 1 1 0 0 0 0 7 0 0 0 0 0 1 1 1 1]
 [1 1 1 1 0 0 0 0 7 7 7 0 0 0 1 1 1 1]
 [1 1 1 1 0 0 0 0 0 0 8 0 0 0 1 1 1 1]
 [1 1 1 1 0 0 0 0 8 8 8 0 0 0 1 1 1 1]
 [1 1 1 1 0 0 0 0 3 3 0 0 0 0 1 1 1 1]
 [1 1 1 1 0 0 0 0 3 3 0 0 0 0 1 1 1 1]
 [1 1 1 1 1 1 1 1 1 1 1 1 1 1 1 1 1 1]
 [1 1 1 1 1 1 1 1 1 1 1 1 1 1 1 1 1 1]
 [1 1 1 1 1 1 1 1 1 1 1 1 1 1 1 1 1 1]
 [1 1 1 1 1 1 1 1 1 1 1 1 1 1 1 1 1 1]]
(1, 3)
[[5 0 0]
 [5 5 0]
 [0 5 0]]
[[1 1 1 1 0 0 0 0 0 0 0 0 0 0 1 1 1 1]
 [1 1 1 1 0 0 0 0 0 0 0 0 0 0 1 1 1 1]
 [1 1 1 1 0 0 0 0 0 0 0 0 0 0 1 1 1 1]
 [1 1 1 1 0 0 0 0 0 0 0 0 0 0 1 1 1 1]
 [1 1 1 1 0 0 0 0 0 0 0 0 0 0 1 1 1 1]
 [1 1 1 1 0 0 0 0 0 0 0 0 0 0 1 1 1 1]
 [1 1 1 1 0 0 0 0 0 0 0 0 0 0 1 1 1 1]
 [1 1 1 1 0 0 0 0 0 0 0 0 0 0 1 1 1 1]
 [1 1 1 1 0 0 0 0 0 0 0 0 0 0 1 1 1 1]
 [1 1 1 1 0 0 0 0 0 0 0 0 0 0 1 1 1 1]
 [1 1 1 1 0 0 0 0 0 0 0 0 0 0 1 1 1 1]
 [1 1 1 1 0 0 0 0 0 0 0 0 0 0 1 1 1 1]
 [1 1 1 1 0 0 0 0 0 4 0 0 0 0 1 1 1 1]
 [1 1 1 1 0 0 0 0 4 4 4 0 0 0 1 1 1 1]
 [1 1 1 1 0 0 0 0 7 0 0 0 0 0 1 1 1 1]
 [1 1 1 1 0 0 0 0 7 7 7 0 0 0 1 1 1 1]
 [1 1 1 1 0 0 0 0 0 0 8 0 0 0 1 1 1 1]
 [1 1 1 1 0 0 0 0 8 8 8 9 0 0 1 1 1 1]
 [1 1 1 1 0 0 0 0 3 3 0 9 9 0 1 1 1 1]
 [1 1 1 1 0 0 0 0 3 3 0 0 9 0 1 1 1 1]
 [1 1 1 1 1 1 1 1 1 1 1 1 1 1 1 1 1 1]
 [1 1 1 1 1 1 1 1 1 1 1 1 1 1 1 1 1 1]
 [1 1 1 1 1 1 1 1 1 1 1 1 1 1 1 1 1 1]
 [1 1 1 1 1 1 1 1 1 1 1 1 1 1 1 1 1 1]]
(1, 4)
[[5 0 0]
 [5 5 0]
 [0 5 0]]
[[1 1 1 1 0 0 0 0 0 0 0 0 0 0 1 1 1 1]
 [1 1 1 1 0 0 0 0 0 0 0 0 0 0 1 1 1 1]
 [1 1 1 1 0 0 0 0 0 0 0 0 0 0 1 1 1 1]
 [1 1 1 1 0 0 0 0 0 0 0 0 0 0 1 1 1 1]
 [1 1 1 1 0 0 0 0 0 0 0 0 0 0 1 1 1 1]
 [1 1 1 1 0 0 0 0 0 0 0 0 0 0 1 1 1 1]
 [1 1 1 1 0 0 0 0 0 0 0 0 0 0 1 1 1 1]
 [1 1 1 1 0 0 0 0 0 0 0 0 0 0 1 1 1 1]
 [1 1 1 1 0 0 0 0 0 0 0 0 0 0 1 1 1 1]
 [1 1 1 1 0 0 0 0 0 0 0 0 0 0 1 1 1 1]
 [1 1 1 1 0 0 0 0 0 0 0 0 0 0 1 1 1 1]
 [1 1 1 1 0 0 0 0 0 0 0 0 0 0 1 1 1 1]
 [1 1 1 1 0 0 0 0 0 4 0 0 0 0 1 1 1 1]
 [1 1 1 1 0 0 0 0 4 4 4 0 0 0 1 1 1 1]
 [1 1 1 1 0 0 0 0 7 0 0 0 0 0 1 1 1 1]
 [1 1 1 1 0 0 0 0 7 7 7 0 0 0 1 1 1 1]
 [1 1 1 1 0 0 0 0 0 0 8 0 0 0 1 1 1 1]
 [1 1 1 1 0 0 0 0 8 8 8 0 9 0 1 1 1 1]
 [1 1 1 1 0 0 0 0 3 3 0 0 9 9 1 1 1 1]
 [1 1 1 1 0 0 0 0 3 3 0 0 0 9 1 1 1 1]
 [1 1 1 1 1 1 1 1 1 1 1 1 1 1 1 1 1 1]
 [1 1 1 1 1 1 1 1 1 1 1 1 1 1 1 1 1 1]
 [1 1 1 1 1 1 1 1 1 1 1 1 1 1 1 1 1 1]
 [1 1 1 1 1 1 1 1 1 1 1 1 1 1 1 1 1 1]]
(2, -4)
[[0 0 0]
 [0 5 5]
 [5 5 0]]
[[1 1 1 1 0 0 0 0 0 0 0 0 0 0 1 1 1 1]
 [1 1 1 1 0 0 0 0 0 0 0 0 0 0 1 1 1 1]
 [1 1 1 1 0 0 0 0 0 0 0 0 0 0 1 1 1 1]
 [1 1 1 1 0 0 0 0 0 0 0 0 0 0 1 1 1 1]
 [1 1 1 1 0 0 0 0 0 0 0 0 0 0 1 1 1 1]
 [1 1 1 1 0 0 0 0 0 0 0 0 0 0 1 1 1 1]
 [1 1 1 1 0 0 0 0 0 0 0 0 0 0 1 1 1 1]
 [1 1 1 1 0 0 0 0 0 0 0 0 0 0 1 1 1 1]
 [1 1 1 1 0 0 0 0 0 0 0 0 0 0 1 1 1 1]
 [1 1 1 1 0 0 0 0 0 0 0 0 0 0 1 1 1 1]
 [1 1 1 1 0 0 0 0 0 0 0 0 0 0 1 1 1 1]
 [1 1 1 1 0 0 0 0 0 0 0 0 0 0 1 1 1 1]
 [1 1 1 1 0 0 0 0 0 4 0 0 0 0 1 1 1 1]
 [1 1 1 1 0 0 0 0 4 4 4 0 0 0 1 1 1 1]
 [1 1 1 1 0 0 0 0 7 0 0 0 0 0 1 1 1 1]
 [1 1 1 1 0 0 0 0 7 7 7 0 0 0 1 1 1 1]
 [1 1 1 1 0 0 0 0 0 0 8 0 0 0 1 1 1 1]
 [1 1 1 1 0 0 0 0 8 8 8 0 0 0 1 1 1 1]
 [1 1 1 1 0 9 9 0 3 3 0 0 0 0 1 1 1 1]
 [1 1 1 1 9 9 0 0 3 3 0 0 0 0 1 1 1 1]
 [1 1 1 1 1 1 1 1 1 1 1 1 1 1 1 1 1 1]
 [1 1 1 1 1 1 1 1 1 1 1 1 1 1 1 1 1 1]
 [1 1 1 1 1 1 1 1 1 1 1 1 1 1 1 1 1 1]
 [1 1 1 1 1 1 1 1 1 1 1 1 1 1 1 1 1 1]]
(2, -3)
[[0 0 0]
 [0 5 5]
 [5 5 0]]
[[1 1 1 1 0 0 0 0 0 0 0 0 0 0 1 1 1 1]
 [1 1 1 1 0 0 0 0 0 0 0 0 0 0 1 1 1 1]
 [1 1 1 1 0 0 0 0 0 0 0 0 0 0 1 1 1 1]
 [1 1 1 1 0 0 0 0 0 0 0 0 0 0 1 1 1 1]
 [1 1 1 1 0 0 0 0 0 0 0 0 0 0 1 1 1 1]
 [1 1 1 1 0 0 0 0 0 0 0 0 0 0 1 1 1 1]
 [1 1 1 1 0 0 0 0 0 0 0 0 0 0 1 1 1 1]
 [1 1 1 1 0 0 0 0 0 0 0 0 0 0 1 1 1 1]
 [1 1 1 1 0 0 0 0 0 0 0 0 0 0 1 1 1 1]
 [1 1 1 1 0 0 0 0 0 0 0 0 0 0 1 1 1 1]
 [1 1 1 1 0 0 0 0 0 0 0 0 0 0 1 1 1 1]
 [1 1 1 1 0 0 0 0 0 0 0 0 0 0 1 1 1 1]
 [1 1 1 1 0 0 0 0 0 4 0 0 0 0 1 1 1 1]
 [1 1 1 1 0 0 0 0 4 4 4 0 0 0 1 1 1 1]
 [1 1 1 1 0 0 0 0 7 0 0 0 0 0 1 1 1 1]
 [1 1 1 1 0 0 0 0 7 7 7 0 0 0 1 1 1 1]
 [1 1 1 1 0 0 0 0 0 0 8 0 0 0 1 1 1 1]
 [1 1 1 1 0 0 0 0 8 8 8 0 0 0 1 1 1 1]
 [1 1 1 1 0 0 9 9 3 3 0 0 0 0 1 1 1 1]
 [1 1 1 1 0 9 9 0 3 3 0 0 0 0 1 1 1 1]
 [1 1 1 1 1 1 1 1 1 1 1 1 1 1 1 1 1 1]
 [1 1 1 1 1 1 1 1 1 1 1 1 1 1 1 1 1 1]
 [1 1 1 1 1 1 1 1 1 1 1 1 1 1 1 1 1 1]
 [1 1 1 1 1 1 1 1 1 1 1 1 1 1 1 1 1 1]]
(2, -2)
[[0 0 0]
 [0 5 5]
 [5 5 0]]
[[1 1 1 1 0 0 0 0 0 0 0 0 0 0 1 1 1 1]
 [1 1 1 1 0 0 0 0 0 0 0 0 0 0 1 1 1 1]
 [1 1 1 1 0 0 0 0 0 0 0 0 0 0 1 1 1 1]
 [1 1 1 1 0 0 0 0 0 0 0 0 0 0 1 1 1 1]
 [1 1 1 1 0 0 0 0 0 0 0 0 0 0 1 1 1 1]
 [1 1 1 1 0 0 0 0 0 0 0 0 0 0 1 1 1 1]
 [1 1 1 1 0 0 0 0 0 0 0 0 0 0 1 1 1 1]
 [1 1 1 1 0 0 0 0 0 0 0 0 0 0 1 1 1 1]
 [1 1 1 1 0 0 0 0 0 0 0 0 0 0 1 1 1 1]
 [1 1 1 1 0 0 0 0 0 0 0 0 0 0 1 1 1 1]
 [1 1 1 1 0 0 0 0 0 0 0 0 0 0 1 1 1 1]
 [1 1 1 1 0 0 0 0 0 0 0 0 0 0 1 1 1 1]
 [1 1 1 1 0 0 0 9 9 4 0 0 0 0 1 1 1 1]
 [1 1 1 1 0 0 9 9 4 4 4 0 0 0 1 1 1 1]
 [1 1 1 1 0 0 0 0 7 0 0 0 0 0 1 1 1 1]
 [1 1 1 1 0 0 0 0 7 7 7 0 0 0 1 1 1 1]
 [1 1 1 1 0 0 0 0 0 0 8 0 0 0 1 1 1 1]
 [1 1 1 1 0 0 0 0 8 8 8 0 0 0 1 1 1 1]
 [1 1 1 1 0 0 0 0 3 3 0 0 0 0 1 1 1 1]
 [1 1 1 1 0 0 0 0 3 3 0 0 0 0 1 1 1 1]
 [1 1 1 1 1 1 1 1 1 1 1 1 1 1 1 1 1 1]
 [1 1 1 1 1 1 1 1 1 1 1 1 1 1 1 1 1 1]
 [1 1 1 1 1 1 1 1 1 1 1 1 1 1 1 1 1 1]
 [1 1 1 1 1 1 1 1 1 1 1 1 1 1 1 1 1 1]]
(2, -1)
[[0 0 0]
 [0 5 5]
 [5 5 0]]
[[1 1 1 1 0 0 0 0 0 0 0 0 0 0 1 1 1 1]
 [1 1 1 1 0 0 0 0 0 0 0 0 0 0 1 1 1 1]
 [1 1 1 1 0 0 0 0 0 0 0 0 0 0 1 1 1 1]
 [1 1 1 1 0 0 0 0 0 0 0 0 0 0 1 1 1 1]
 [1 1 1 1 0 0 0 0 0 0 0 0 0 0 1 1 1 1]
 [1 1 1 1 0 0 0 0 0 0 0 0 0 0 1 1 1 1]
 [1 1 1 1 0 0 0 0 0 0 0 0 0 0 1 1 1 1]
 [1 1 1 1 0 0 0 0 0 0 0 0 0 0 1 1 1 1]
 [1 1 1 1 0 0 0 0 0 0 0 0 0 0 1 1 1 1]
 [1 1 1 1 0 0 0 0 0 0 0 0 0 0 1 1 1 1]
 [1 1 1 1 0 0 0 0 0 0 0 0 0 0 1 1 1 1]
 [1 1 1 1 0 0 0 0 9 9 0 0 0 0 1 1 1 1]
 [1 1 1 1 0 0 0 9 9 4 0 0 0 0 1 1 1 1]
 [1 1 1 1 0 0 0 0 4 4 4 0 0 0 1 1 1 1]
 [1 1 1 1 0 0 0 0 7 0 0 0 0 0 1 1 1 1]
 [1 1 1 1 0 0 0 0 7 7 7 0 0 0 1 1 1 1]
 [1 1 1 1 0 0 0 0 0 0 8 0 0 0 1 1 1 1]
 [1 1 1 1 0 0 0 0 8 8 8 0 0 0 1 1 1 1]
 [1 1 1 1 0 0 0 0 3 3 0 0 0 0 1 1 1 1]
 [1 1 1 1 0 0 0 0 3 3 0 0 0 0 1 1 1 1]
 [1 1 1 1 1 1 1 1 1 1 1 1 1 1 1 1 1 1]
 [1 1 1 1 1 1 1 1 1 1 1 1 1 1 1 1 1 1]
 [1 1 1 1 1 1 1 1 1 1 1 1 1 1 1 1 1 1]
 [1 1 1 1 1 1 1 1 1 1 1 1 1 1 1 1 1 1]]
(2, 0)
[[0 0 0]
 [0 5 5]
 [5 5 0]]
[[1 1 1 1 0 0 0 0 0 0 0 0 0 0 1 1 1 1]
 [1 1 1 1 0 0 0 0 0 0 0 0 0 0 1 1 1 1]
 [1 1 1 1 0 0 0 0 0 0 0 0 0 0 1 1 1 1]
 [1 1 1 1 0 0 0 0 0 0 0 0 0 0 1 1 1 1]
 [1 1 1 1 0 0 0 0 0 0 0 0 0 0 1 1 1 1]
 [1 1 1 1 0 0 0 0 0 0 0 0 0 0 1 1 1 1]
 [1 1 1 1 0 0 0 0 0 0 0 0 0 0 1 1 1 1]
 [1 1 1 1 0 0 0 0 0 0 0 0 0 0 1 1 1 1]
 [1 1 1 1 0 0 0 0 0 0 0 0 0 0 1 1 1 1]
 [1 1 1 1 0 0 0 0 0 0 0 0 0 0 1 1 1 1]
 [1 1 1 1 0 0 0 0 0 9 9 0 0 0 1 1 1 1]
 [1 1 1 1 0 0 0 0 9 9 0 0 0 0 1 1 1 1]
 [1 1 1 1 0 0 0 0 0 4 0 0 0 0 1 1 1 1]
 [1 1 1 1 0 0 0 0 4 4 4 0 0 0 1 1 1 1]
 [1 1 1 1 0 0 0 0 7 0 0 0 0 0 1 1 1 1]
 [1 1 1 1 0 0 0 0 7 7 7 0 0 0 1 1 1 1]
 [1 1 1 1 0 0 0 0 0 0 8 0 0 0 1 1 1 1]
 [1 1 1 1 0 0 0 0 8 8 8 0 0 0 1 1 1 1]
 [1 1 1 1 0 0 0 0 3 3 0 0 0 0 1 1 1 1]
 [1 1 1 1 0 0 0 0 3 3 0 0 0 0 1 1 1 1]
 [1 1 1 1 1 1 1 1 1 1 1 1 1 1 1 1 1 1]
 [1 1 1 1 1 1 1 1 1 1 1 1 1 1 1 1 1 1]
 [1 1 1 1 1 1 1 1 1 1 1 1 1 1 1 1 1 1]
 [1 1 1 1 1 1 1 1 1 1 1 1 1 1 1 1 1 1]]
(2, 1)
[[0 0 0]
 [0 5 5]
 [5 5 0]]
[[1 1 1 1 0 0 0 0 0 0 0 0 0 0 1 1 1 1]
 [1 1 1 1 0 0 0 0 0 0 0 0 0 0 1 1 1 1]
 [1 1 1 1 0 0 0 0 0 0 0 0 0 0 1 1 1 1]
 [1 1 1 1 0 0 0 0 0 0 0 0 0 0 1 1 1 1]
 [1 1 1 1 0 0 0 0 0 0 0 0 0 0 1 1 1 1]
 [1 1 1 1 0 0 0 0 0 0 0 0 0 0 1 1 1 1]
 [1 1 1 1 0 0 0 0 0 0 0 0 0 0 1 1 1 1]
 [1 1 1 1 0 0 0 0 0 0 0 0 0 0 1 1 1 1]
 [1 1 1 1 0 0 0 0 0 0 0 0 0 0 1 1 1 1]
 [1 1 1 1 0 0 0 0 0 0 0 0 0 0 1 1 1 1]
 [1 1 1 1 0 0 0 0 0 0 9 9 0 0 1 1 1 1]
 [1 1 1 1 0 0 0 0 0 9 9 0 0 0 1 1 1 1]
 [1 1 1 1 0 0 0 0 0 4 0 0 0 0 1 1 1 1]
 [1 1 1 1 0 0 0 0 4 4 4 0 0 0 1 1 1 1]
 [1 1 1 1 0 0 0 0 7 0 0 0 0 0 1 1 1 1]
 [1 1 1 1 0 0 0 0 7 7 7 0 0 0 1 1 1 1]
 [1 1 1 1 0 0 0 0 0 0 8 0 0 0 1 1 1 1]
 [1 1 1 1 0 0 0 0 8 8 8 0 0 0 1 1 1 1]
 [1 1 1 1 0 0 0 0 3 3 0 0 0 0 1 1 1 1]
 [1 1 1 1 0 0 0 0 3 3 0 0 0 0 1 1 1 1]
 [1 1 1 1 1 1 1 1 1 1 1 1 1 1 1 1 1 1]
 [1 1 1 1 1 1 1 1 1 1 1 1 1 1 1 1 1 1]
 [1 1 1 1 1 1 1 1 1 1 1 1 1 1 1 1 1 1]
 [1 1 1 1 1 1 1 1 1 1 1 1 1 1 1 1 1 1]]
(2, 2)
[[0 0 0]
 [0 5 5]
 [5 5 0]]
[[1 1 1 1 0 0 0 0 0 0 0 0 0 0 1 1 1 1]
 [1 1 1 1 0 0 0 0 0 0 0 0 0 0 1 1 1 1]
 [1 1 1 1 0 0 0 0 0 0 0 0 0 0 1 1 1 1]
 [1 1 1 1 0 0 0 0 0 0 0 0 0 0 1 1 1 1]
 [1 1 1 1 0 0 0 0 0 0 0 0 0 0 1 1 1 1]
 [1 1 1 1 0 0 0 0 0 0 0 0 0 0 1 1 1 1]
 [1 1 1 1 0 0 0 0 0 0 0 0 0 0 1 1 1 1]
 [1 1 1 1 0 0 0 0 0 0 0 0 0 0 1 1 1 1]
 [1 1 1 1 0 0 0 0 0 0 0 0 0 0 1 1 1 1]
 [1 1 1 1 0 0 0 0 0 0 0 0 0 0 1 1 1 1]
 [1 1 1 1 0 0 0 0 0 0 0 0 0 0 1 1 1 1]
 [1 1 1 1 0 0 0 0 0 0 0 9 9 0 1 1 1 1]
 [1 1 1 1 0 0 0 0 0 4 9 9 0 0 1 1 1 1]
 [1 1 1 1 0 0 0 0 4 4 4 0 0 0 1 1 1 1]
 [1 1 1 1 0 0 0 0 7 0 0 0 0 0 1 1 1 1]
 [1 1 1 1 0 0 0 0 7 7 7 0 0 0 1 1 1 1]
 [1 1 1 1 0 0 0 0 0 0 8 0 0 0 1 1 1 1]
 [1 1 1 1 0 0 0 0 8 8 8 0 0 0 1 1 1 1]
 [1 1 1 1 0 0 0 0 3 3 0 0 0 0 1 1 1 1]
 [1 1 1 1 0 0 0 0 3 3 0 0 0 0 1 1 1 1]
 [1 1 1 1 1 1 1 1 1 1 1 1 1 1 1 1 1 1]
 [1 1 1 1 1 1 1 1 1 1 1 1 1 1 1 1 1 1]
 [1 1 1 1 1 1 1 1 1 1 1 1 1 1 1 1 1 1]
 [1 1 1 1 1 1 1 1 1 1 1 1 1 1 1 1 1 1]]
(2, 3)
[[0 0 0]
 [0 5 5]
 [5 5 0]]
[[1 1 1 1 0 0 0 0 0 0 0 0 0 0 1 1 1 1]
 [1 1 1 1 0 0 0 0 0 0 0 0 0 0 1 1 1 1]
 [1 1 1 1 0 0 0 0 0 0 0 0 0 0 1 1 1 1]
 [1 1 1 1 0 0 0 0 0 0 0 0 0 0 1 1 1 1]
 [1 1 1 1 0 0 0 0 0 0 0 0 0 0 1 1 1 1]
 [1 1 1 1 0 0 0 0 0 0 0 0 0 0 1 1 1 1]
 [1 1 1 1 0 0 0 0 0 0 0 0 0 0 1 1 1 1]
 [1 1 1 1 0 0 0 0 0 0 0 0 0 0 1 1 1 1]
 [1 1 1 1 0 0 0 0 0 0 0 0 0 0 1 1 1 1]
 [1 1 1 1 0 0 0 0 0 0 0 0 0 0 1 1 1 1]
 [1 1 1 1 0 0 0 0 0 0 0 0 0 0 1 1 1 1]
 [1 1 1 1 0 0 0 0 0 0 0 0 0 0 1 1 1 1]
 [1 1 1 1 0 0 0 0 0 4 0 0 0 0 1 1 1 1]
 [1 1 1 1 0 0 0 0 4 4 4 0 0 0 1 1 1 1]
 [1 1 1 1 0 0 0 0 7 0 0 0 0 0 1 1 1 1]
 [1 1 1 1 0 0 0 0 7 7 7 0 0 0 1 1 1 1]
 [1 1 1 1 0 0 0 0 0 0 8 0 0 0 1 1 1 1]
 [1 1 1 1 0 0 0 0 8 8 8 0 0 0 1 1 1 1]
 [1 1 1 1 0 0 0 0 3 3 0 0 9 9 1 1 1 1]
 [1 1 1 1 0 0 0 0 3 3 0 9 9 0 1 1 1 1]
 [1 1 1 1 1 1 1 1 1 1 1 1 1 1 1 1 1 1]
 [1 1 1 1 1 1 1 1 1 1 1 1 1 1 1 1 1 1]
 [1 1 1 1 1 1 1 1 1 1 1 1 1 1 1 1 1 1]
 [1 1 1 1 1 1 1 1 1 1 1 1 1 1 1 1 1 1]]
J(pi)= 9.8
